  11.83300
  11.81725
  11.80188
  11.78677
  11.77181
  11.75684
  11.74161
  11.72603
  11.71044
  11.69523
  11.68081
  11.66625
  11.64882
  11.62907
  11.61142
  11.59678
  11.58257
  11.56741
  11.55116
  11.53562
  11.52333
  11.51233
  11.49879
  11.48294
  11.46683
  11.45257
  11.44129
  11.42962
  11.41460
  11.39962
  11.38777
  11.37709
  11.36570
  11.35417
  11.34286
  11.33114
  11.31934
  11.30943
  11.30179
  11.29451
  11.28668
  11.27867
  11.27136
  11.26590
  11.26206
  11.25862
  11.25494
  11.25088
  11.24741
  11.24591
  11.24680
  11.24988
  11.25393
  11.25769
  11.26120
  11.26493
  11.26971
  11.27629
  11.28494
  11.29579
  11.30883
  11.32401
  11.34128
  11.36005
  11.37894
  11.39791
  11.41858
  11.44156
  11.46634
  11.49297
  11.52195
  11.55298
  11.58535
  11.61952
  11.65644
  11.69558
  11.73604
  11.77829
  11.82306
  11.86953
  11.91719
  11.96858
  12.02521
  12.08302
  12.13938
  12.19802
  12.26162
  12.32873
  12.39741
  12.46570
  12.53373
  12.60454
  12.68019
  12.76130
  12.84597
  12.93025
  13.01357
  13.09799
  13.18584
  13.27898
  13.37478
  13.46918
  13.56450
  13.66489
  13.76942
  13.87565
  13.98221
  14.08842
  14.19512
  14.30372
  14.41643
  14.53390
  14.65285
  14.77081
  14.88802
  15.00548
  15.12494
  15.24694
  15.37044
  15.49542
  15.62300
  15.75258
  15.88222
  16.01135
  16.14047
  16.26976
  16.39916
  16.52834
  16.65707
  16.78666
  16.91862
  17.05224
  17.18600
  17.31783
  17.44685
  17.57651
  17.70945
  17.84385
  17.97742
  18.10838
  18.23712
  18.36764
  18.50092
  18.63315
  18.76238
  18.88931
  19.01478
  19.13961
  19.26467
  19.39075
  19.51638
  19.63906
  19.76001
  19.88198
  20.00397
  20.12358
  20.24015
  20.35408
  20.46758
  20.58230
  20.69575
  20.80600
  20.91570
  21.02661
  21.13642
  21.24333
  21.34786
  21.45043
  21.55092
  21.64992
  21.74897
  21.84786
  21.94448
  22.03911
  22.13409
  22.22922
  22.32246
  22.41326
  22.50198
  22.58855
  22.67291
  22.75603
  22.83920
  22.92309
  23.00772
  23.09118
  23.17166
  23.24958
  23.32595
  23.40211
  23.47841
  23.55290
  23.62497
  23.69695
  23.76948
  23.84020
  23.90853
  23.97646
  24.04501
  24.11403
  24.18260
  24.24929
  24.31319
  24.37404
  24.43461
  24.49858
  24.56393
  24.62654
  24.68605
  24.74356
  24.80032
  24.85735
  24.91452
  24.97158
  25.02873
  25.08579
  25.14135
  25.19486
  25.24796
  25.30124
  25.35304
  25.40283
  25.45189
  25.50115
  25.55096
  25.60043
  25.64770
  25.69301
  25.73815
  25.78396
  25.83043
  25.87585
  25.91821
  25.95929
  26.00168
  26.04341
  26.08193
  26.11928
  26.15762
  26.19485
  26.22931
  26.26322
  26.29794
  26.33115
  26.36177
  26.39202
  26.42257
  26.45102
  26.47717
  26.50393
  26.53129
  26.55619
  26.57859
  26.60111
  26.62354
  26.64378
  26.66259
  26.68202
  26.70116
  26.71788
  26.73192
  26.74386
  26.75488
  26.76609
  26.77774
  26.78955
  26.80036
  26.80904
  26.81500
  26.81861
  26.82211
  26.82620
  26.82843
  26.82822
  26.82812
  26.82846
  26.82676
  26.82281
  26.81875
  26.81522
  26.81162
  26.80736
  26.80187
  26.79402
  26.78287
  26.77130
  26.76289
  26.75548
  26.74550
  26.73277
  26.71813
  26.70259
  26.68697
  26.67147
  26.65623
  26.64160
  26.62710
  26.61047
  26.59114
  26.57166
  26.55311
  26.53427
  26.51493
  26.49611
  26.47709
  26.45572
  26.43247
  26.40968
  26.38754
  26.36498
  26.34202
  26.31915
  26.29633
  26.27337
  26.25063
  26.22828
  26.20489
  26.17916
  26.15168
  26.12391
  26.09840
  26.07587
  26.05246
  26.02604
  25.99886
  25.97240
  25.94618
  25.91974
  25.89290
  25.86584
  25.83913
  25.81273
  25.78613
  25.75963
  25.73392
  25.70730
  25.67728
  25.64634
  25.61847
  25.59287
  25.56696
  25.53900
  25.50848
  25.47897
  25.45287
  25.42573
  25.39472
  25.36481
  25.33868
  25.31165
  25.28107
  25.24945
  25.21903
  25.19096
  25.16435
  25.13613
  25.10573
  25.07498
  25.04442
  25.01360
  24.98358
  24.95605
  24.92933
  24.90041
  24.86968
  24.83882
  24.80837
  24.77830
  24.74814
  24.71750
  24.68691
  24.65680
  24.62670
  24.59618
  24.56530
  24.53444
  24.50451
  24.47495
  24.44282
  24.40810
  24.37479
  24.34436
  24.31529
  24.28533
  24.25202
  24.21728
  24.18567
  24.15554
  24.12217
  24.08746
  24.05583
  24.02661
  23.99721
  23.96557
  23.93092
  23.89721
  23.86736
  23.83677
  23.80221
  23.76850
  23.73836
  23.70680
  23.67191
  23.63908
  23.60966
  23.57794
  23.54302
  23.51030
  23.48027
  23.44830
  23.41356
  23.37852
  23.34501
  23.31404
  23.28363
  23.25061
  23.21573
  23.18121
  23.14712
  23.11290
  23.07861
  23.04443
  23.01007
  22.97551
  22.94176
  22.90878
  22.87342
  22.83466
  22.79685
  22.76244
  22.72963
  22.69628
  22.66032
  22.62167
  22.58245
  22.54452
  22.50921
  22.47532
  22.43985
  22.40133
  22.35964
  22.31739
  22.27800
  22.24093
  22.20402
  22.16536
  22.12385
  22.08133
  22.03971
  21.99829
  21.95626
  21.91419
  21.87257
  21.83129
  21.78966
  21.74624
  21.70059
  21.65408
  21.60854
  21.56607
  21.52472
  21.47863
  21.42844
  21.38032
  21.33529
  21.29068
  21.24471
  21.19637
  21.14660
  21.09705
  21.04788
  20.99872
  20.94928
  20.89944
  20.84964
  20.80026
  20.75105
  20.70174
  20.65241
  20.60312
  20.55377
  20.50440
  20.45527
  20.40579
  20.35421
  20.30091
  20.24887
  20.19969
  20.15335
  20.10799
  20.06058
  20.01074
  19.95999
  19.91044
  19.86408
  19.81955
  19.77440
  19.72836
  19.68206
  19.63701
  19.59434
  19.55305
  19.51182
  19.46979
  19.42718
  19.38641
  19.34851
  19.31103
  19.27288
  19.23579
  19.20123
  19.16988
  19.13981
  19.10657
  19.07161
  19.04139
  19.01589
  18.99038
  18.96359
  18.93651
  18.91027
  18.88600
  18.86400
  18.84408
  18.82542
  18.80698
  18.78801
  18.76837
  18.74983
  18.73392
  18.72053
  18.70897
  18.69802
  18.68673
  18.67481
  18.66299
  18.65336
  18.64587
  18.63785
  18.62968
  18.62476
  18.62171
  18.61545
  18.60705
  18.60144
  18.59855
  18.59564
  18.59166
  18.58674
  18.58312
  18.58284
  18.58299
  18.58024
  18.57561
  18.57117
  18.56886
  18.56914
  18.56861
  18.56519
  18.56065
  18.55644
  18.55261
  18.54901
  18.54535
  18.54166
  18.53828
  18.53429
  18.52777
  18.52012
  18.51492
  18.51121
  18.50540
  18.49753
  18.48944
  18.48182
  18.47464
  18.46638
  18.45559
  18.44360
  18.43203
  18.42079
  18.40947
  18.39788
  18.38621
  18.37537
  18.36505
  18.35245
  18.33675
  18.32070
  18.30570
  18.29101
  18.27599
  18.26034
  18.24466
  18.23013
  18.21519
  18.19676
  18.17713
  18.16102
  18.14649
  18.12915
  18.10966
  18.09032
  18.07122
  18.05195
  18.03283
  18.01415
  17.99544
  17.97631
  17.95695
  17.93764
  17.91870
  17.90009
  17.88121
  17.86193
  17.84289
  17.82426
  17.80557
  17.78638
  17.76640
  17.74708
  17.73094
  17.71636
  17.69933
  17.68000
  17.66056
  17.64147
  17.62241
  17.60310
  17.58364
  17.56572
  17.55041
  17.53441
  17.51542
  17.49730
  17.48249
  17.46701
  17.44812
  17.42759
  17.40778
  17.39106
  17.37663
  17.35963
  17.33981
  17.32216
  17.30760
  17.29312
  17.27790
  17.26280
  17.24779
  17.23234
  17.21671
  17.20145
  17.18651
  17.17162
  17.15644
  17.14081
  17.12531
  17.11036
  17.09515
  17.07946
  17.06560
  17.05444
  17.04256
  17.02779
  17.01133
  16.99521
  16.98209
  16.97128
  16.95797
  16.94228
  16.92932
  16.91853
  16.90474
  16.88911
  16.87672
  16.86579
  16.85140
  16.83599
  16.82425
  16.81298
  16.79763
  16.78200
  16.77045
  16.75904
  16.74403
  16.72897
  16.71705
  16.70676
  16.69597
  16.68278
  16.66734
  16.65316
  16.64177
  16.63147
  16.62032
  16.60648
  16.59099
  16.57743
  16.56645
  16.55623
  16.54462
  16.52971
  16.51380
  16.50077
  16.49020
  16.47981
  16.46762
  16.45263
  16.43761
  16.42539
  16.41497
  16.40438
  16.39148
  16.37594
  16.36190
  16.35096
  16.33855
  16.32308
  16.30873
  16.29741
  16.28725
  16.27607
  16.26179
  16.24573
  16.23200
  16.22114
  16.21094
  16.19923
  16.18442
  16.16920
  16.15741
  16.14618
  16.13136
  16.11623
  16.10473
  16.09326
  16.07829
  16.06320
  16.05119
  16.04097
  16.03034
  16.01685
  16.00065
  15.98664
  15.97586
  15.96297
  15.94725
  15.93400
  15.92324
  15.90971
  15.89403
  15.88138
  15.87053
  15.85644
  15.84091
  15.82868
  15.81768
  15.80353
  15.78704
  15.77083
  15.75686
  15.74575
  15.73384
  15.71857
  15.70394
  15.69266
  15.68104
  15.66635
  15.64991
  15.63378
  15.62037
  15.60940
  15.59696
  15.58170
  15.56549
  15.55034
  15.53800
  15.52699
  15.51365
  15.49804
  15.48236
  15.46685
  15.45099
  15.43639
  15.42475
  15.41343
  15.39925
  15.38337
  15.36764
  15.35228
  15.33715
  15.32224
  15.30736
  15.29189
  15.27625
  15.26299
  15.25209
  15.23933
  15.22347
  15.20748
  15.19255
  15.17781
  15.16273
  15.14724
  15.13162
  15.11636
  15.10138
  15.08635
  15.07129
  15.05633
  15.04121
  15.02567
  15.01009
  14.99491
  14.97999
  14.96506
  14.94982
  14.93420
  14.91871
  14.90365
  14.88867
  14.87360
  14.85859
  14.84360
  14.82827
  14.81263
  14.79723
  14.78222
  14.76733
  14.75228
  14.73681
  14.72119
  14.70593
  14.69096
  14.67593
  14.66086
  14.64590
  14.63078
  14.61523
  14.59965
  14.58448
  14.56957
  14.55463
  14.53938
  14.52376
  14.50828
  14.49322
  14.47825
  14.46318
  14.44817
  14.43317
  14.41783
  14.40219
  14.38680
  14.37180
  14.35691
  14.34185
  14.32637
  14.31075
  14.29550
  14.28054
  14.26551
  14.25044
  14.23543
  14.22034
  14.20497
  14.18919
  14.17336
  14.15945
  14.14826
  14.13642
  14.12164
  14.10568
  14.09004
  14.07477
  14.05973
  14.04471
  14.02965
  14.01463
  13.99959
  13.98435
  13.96875
  13.95279
  13.93781
  13.92573
  13.91464
  13.90099
  13.88526
  13.86951
  13.85405
  13.83866
  13.82392
  13.80989
  13.79353
  13.77344
  13.75575
  13.74428
  13.73314
  13.71823
  13.70234
  13.68737
  13.67228
  13.65662
  13.64118
  13.62619
  13.61116
  13.59607
  13.58125
  13.56624
  13.55012
  13.53455
  13.52231
  13.51129
  13.49751
  13.48177
  13.46654
  13.45160
  13.43609
  13.42048
  13.40534
  13.39039
  13.37533
  13.36029
  13.34532
  13.33008
  13.31445
  13.29898
  13.28392
  13.26903
  13.25403
  13.23864
  13.22300
  13.20766
  13.19266
  13.17765
  13.16258
  13.14762
  13.13255
  13.11701
  13.10142
  13.08640
  13.07132
  13.05554
  13.04114
  13.02982
  13.01818
  13.00311
  12.98685
  12.97166
  12.95689
  12.94183
  12.92676
  12.91178
  12.89650
  12.88087
  12.86543
  12.85040
  12.83551
  12.82048
  12.80505
  12.78942
  12.77412
  12.75914
  12.74412
  12.72905
  12.71409
  12.69899
  12.68347
  12.66787
  12.65267
  12.63775
  12.62282
  12.60761
  12.59200
  12.57649
  12.56141
  12.54644
  12.53137
  12.51635
  12.50137
  12.48605
  12.47041
  12.45503
  12.44003
  12.42499
  12.40989
  12.39507
  12.37950
  12.36148
  12.34247
  12.32559
  12.31058
  12.29568
  12.28054
  12.26543
  12.25042
  12.23548
  12.22030
  12.20472
  12.18918
  12.17404
  12.15914
  12.14419
  12.12889
  12.11326
  12.09782
  12.08279
  12.06780
  12.05273
  12.03773
  12.02272
  12.00733
  11.99169
  11.97635
  11.96137
  11.94649
  11.93139
  11.91580
  11.90023
  11.88533
  11.87016
  11.85323
  11.83300
