  18.03200
  18.02203
  18.00961
  17.99541
  17.98010
  17.96463
  17.95094
  17.93991
  17.92855
  17.91441
  17.89870
  17.88326
  17.86991
  17.85900
  17.84744
  17.83311
  17.81730
  17.80189
  17.78900
  17.77850
  17.76586
  17.74993
  17.73623
  17.72629
  17.71419
  17.69830
  17.68433
  17.67378
  17.66152
  17.64631
  17.63238
  17.62136
  17.61138
  17.60047
  17.58697
  17.57181
  17.55846
  17.54761
  17.53730
  17.52661
  17.51560
  17.50441
  17.49321
  17.48206
  17.47090
  17.45974
  17.44859
  17.43743
  17.42622
  17.41506
  17.40407
  17.39288
  17.38108
  17.37008
  17.36183
  17.35527
  17.34815
  17.34029
  17.33240
  17.32494
  17.31807
  17.31083
  17.30243
  17.29538
  17.29200
  17.28828
  17.28021
  17.27307
  17.27230
  17.27299
  17.26972
  17.26590
  17.26538
  17.26601
  17.26562
  17.26617
  17.26934
  17.27351
  17.27732
  17.28180
  17.28812
  17.29680
  17.30771
  17.31953
  17.33098
  17.34141
  17.35163
  17.36525
  17.38349
  17.40260
  17.42089
  17.44099
  17.46357
  17.48570
  17.50724
  17.53247
  17.56223
  17.59229
  17.62133
  17.65204
  17.68555
  17.72097
  17.75794
  17.79679
  17.83746
  17.87957
  17.92410
  17.97311
  18.02547
  18.07743
  18.12891
  18.18255
  18.23878
  18.29645
  18.35548
  18.41655
  18.47990
  18.54545
  18.61284
  18.68159
  18.75199
  18.82467
  18.89930
  18.97534
  19.05434
  19.13807
  19.22337
  19.30589
  19.38706
  19.47024
  19.55680
  19.64722
  19.74095
  19.83697
  19.93366
  20.02976
  20.12644
  20.22519
  20.32637
  20.42963
  20.53338
  20.63648
  20.74050
  20.84707
  20.95608
  21.06692
  21.17847
  21.28976
  21.40052
  21.51112
  21.62324
  21.73770
  21.85296
  21.96773
  22.08204
  22.19663
  22.31339
  22.43217
  22.54904
  22.66309
  22.77905
  22.89825
  23.01621
  23.13086
  23.24419
  23.35841
  23.47557
  23.59483
  23.71202
  23.82631
  23.94076
  24.05575
  24.16876
  24.27956
  24.39022
  24.50143
  24.61256
  24.72361
  24.83503
  24.94622
  25.05578
  25.16301
  25.26775
  25.37089
  25.47390
  25.57751
  25.68185
  25.78582
  25.88778
  25.98702
  26.08357
  26.17912
  26.27573
  26.37207
  26.46586
  26.55817
  26.65097
  26.74304
  26.83254
  26.92083
  27.00982
  27.09844
  27.18497
  27.26908
  27.35110
  27.43247
  27.51425
  27.59474
  27.67259
  27.74996
  27.82859
  27.90602
  27.98037
  28.05401
  28.12864
  28.20177
  28.27185
  28.34163
  28.41269
  28.48216
  28.54859
  28.61487
  28.68238
  28.74813
  28.81091
  28.87369
  28.93731
  28.99820
  29.05621
  29.11719
  29.18173
  29.24204
  29.29652
  29.35275
  29.41280
  29.47101
  29.52587
  29.58114
  29.63738
  29.69143
  29.74285
  29.79402
  29.84586
  29.89781
  29.94955
  30.00102
  30.05272
  30.10542
  30.15783
  30.20734
  30.25450
  30.30193
  30.35033
  30.39916
  30.44725
  30.49331
  30.53746
  30.58076
  30.62514
  30.67250
  30.72114
  30.76790
  30.81151
  30.85200
  30.89260
  30.93676
  30.98173
  31.02346
  31.06324
  31.10356
  31.14435
  31.18494
  31.22553
  31.26646
  31.30772
  31.34895
  31.38879
  31.42629
  31.46274
  31.49954
  31.53692
  31.57448
  31.61067
  31.64451
  31.67731
  31.71024
  31.74331
  31.77656
  31.81056
  31.84482
  31.87646
  31.90516
  31.93613
  31.97062
  32.00175
  32.02713
  32.05326
  32.08302
  32.11236
  32.13859
  32.16179
  32.18364
  32.20751
  32.23379
  32.25905
  32.28144
  32.30115
  32.31920
  32.33731
  32.35615
  32.37528
  32.39366
  32.40983
  32.42422
  32.43878
  32.45413
  32.46974
  32.48443
  32.49670
  32.50748
  32.51899
  32.53023
  32.53858
  32.54517
  32.55285
  32.56055
  32.56554
  32.56846
  32.57140
  32.57523
  32.57994
  32.58369
  32.58446
  32.58399
  32.58465
  32.58422
  32.58007
  32.57610
  32.57642
  32.57610
  32.56977
  32.56200
  32.55799
  32.55488
  32.54876
  32.53938
  32.52786
  32.51719
  32.50937
  32.50208
  32.49268
  32.47991
  32.46421
  32.44980
  32.43888
  32.42740
  32.41274
  32.39764
  32.38349
  32.36749
  32.34880
  32.33130
  32.31644
  32.30065
  32.28229
  32.26365
  32.24533
  32.22497
  32.20266
  32.18212
  32.16385
  32.14392
  32.12131
  32.09872
  32.07706
  32.05510
  32.03265
  32.01066
  31.98856
  31.96435
  31.93816
  31.91192
  31.88616
  31.86020
  31.83426
  31.80909
  31.78329
  31.75434
  31.72393
  31.69610
  31.67086
  31.64591
  31.61979
  31.59164
  31.56173
  31.53097
  31.50133
  31.47470
  31.44924
  31.42181
  31.39130
  31.35787
  31.32434
  31.29377
  31.26514
  31.23622
  31.20549
  31.17237
  31.13955
  31.10946
  31.07964
  31.04732
  31.01364
  30.98016
  30.94666
  30.91290
  30.87981
  30.84757
  30.81344
  30.77610
  30.73954
  30.70624
  30.67253
  30.63575
  30.59796
  30.56086
  30.52406
  30.48707
  30.44987
  30.41268
  30.37610
  30.33963
  30.30081
  30.25968
  30.22037
  30.18383
  30.14587
  30.10507
  30.06409
  30.02341
  29.98048
  29.93579
  29.89342
  29.85340
  29.81139
  29.76640
  29.72086
  29.67622
  29.63277
  29.58888
  29.54166
  29.49288
  29.44752
  29.40353
  29.35433
  29.30160
  29.25203
  29.20450
  29.15366
  29.10137
  29.05284
  29.00504
  28.95160
  28.89537
  28.84266
  28.79146
  28.73686
  28.68039
  28.62543
  28.56997
  28.51091
  28.45135
  28.39537
  28.34055
  28.28301
  28.22216
  28.15891
  28.09635
  28.03691
  27.97760
  27.91533
  27.85170
  27.78869
  27.72591
  27.66281
  27.60017
  27.53806
  27.47386
  27.40649
  27.34016
  27.27738
  27.21438
  27.14835
  27.08072
  27.01355
  26.94890
  26.88661
  26.82233
  26.75478
  26.68895
  26.62654
  26.56282
  26.49604
  26.42980
  26.36654
  26.30633
  26.24748
  26.18640
  26.12296
  26.06130
  26.00230
  25.94302
  25.88330
  25.82591
  25.77098
  25.71597
  25.66003
  25.60393
  25.54861
  25.49508
  25.44360
  25.39385
  25.34589
  25.29998
  25.25566
  25.21198
  25.16778
  25.12216
  25.07762
  25.03802
  25.00203
  24.96593
  24.92851
  24.89009
  24.85363
  24.82238
  24.79398
  24.76454
  24.73511
  24.70798
  24.68211
  24.65581
  24.63027
  24.60717
  24.58646
  24.56741
  24.54889
  24.53013
  24.51242
  24.49688
  24.48204
  24.46677
  24.45283
  24.44147
  24.43062
  24.41892
  24.40867
  24.40137
  24.39473
  24.38708
  24.37950
  24.37262
  24.36507
  24.35677
  24.35083
  24.34784
  24.34316
  24.33513
  24.32813
  24.32447
  24.32223
  24.31919
  24.31333
  24.30521
  24.29883
  24.29547
  24.29269
  24.28877
  24.28311
  24.27590
  24.26813
  24.26049
  24.25326
  24.24624
  24.23878
  24.23106
  24.22393
  24.21647
  24.20659
  24.19554
  24.18673
  24.17957
  24.17082
  24.15911
  24.14456
  24.12962
  24.11761
  24.10689
  24.09366
  24.07832
  24.06314
  24.04864
  24.03432
  24.01869
  24.00040
  23.98211
  23.96706
  23.95258
  23.93482
  23.91533
  23.89679
  23.87874
  23.86010
  23.84122
  23.82271
  23.80469
  23.78674
  23.76702
  23.74452
  23.72245
  23.70353
  23.68620
  23.66823
  23.64816
  23.62591
  23.60482
  23.58652
  23.56695
  23.54410
  23.52269
  23.50493
  23.48582
  23.46306
  23.44140
  23.42324
  23.40533
  23.38619
  23.36827
  23.35107
  23.32916
  23.30234
  23.27842
  23.26003
  23.24230
  23.22361
  23.20685
  23.19206
  23.17586
  23.15735
  23.13844
  23.11976
  23.10068
  23.08219
  23.06661
  23.05242
  23.03522
  23.01583
  22.99893
  22.98480
  22.97063
  22.95576
  22.94088
  22.92622
  22.91163
  22.89690
  22.88176
  22.86649
  22.85158
  22.83695
  22.82231
  22.80757
  22.79276
  22.77809
  22.76369
  22.74880
  22.73284
  22.71811
  22.70685
  22.69574
  22.68115
  22.66638
  22.65515
  22.64400
  22.62929
  22.61463
  22.60349
  22.59226
  22.57764
  22.56282
  22.55097
  22.54085
  22.53048
  22.51800
  22.50300
  22.48875
  22.47737
  22.46680
  22.45553
  22.44455
  22.43397
  22.42140
  22.40632
  22.39226
  22.38104
  22.37065
  22.35988
  22.34947
  22.33888
  22.32550
  22.30969
  22.29598
  22.28562
  22.27536
  22.26399
  22.25311
  22.24232
  22.22903
  22.21382
  22.20052
  22.18973
  22.17895
  22.16763
  22.15693
  22.14596
  22.13233
  22.11716
  22.10402
  22.09334
  22.08333
  22.07204
  22.05776
  22.04271
  22.03079
  22.02008
  22.00612
  21.99096
  21.97913
  21.96838
  21.95421
  21.93914
  21.92764
  21.91673
  21.90180
  21.88637
  21.87536
  21.86495
  21.85012
  21.83463
  21.82317
  21.81222
  21.79765
  21.78285
  21.77147
  21.76051
  21.74662
  21.73089
  21.71536
  21.70181
  21.69081
  21.67940
  21.66523
  21.64952
  21.63408
  21.62078
  21.60993
  21.59825
  21.58376
  21.56827
  21.55312
  21.53777
  21.52250
  21.50943
  21.49869
  21.48667
  21.47188
  21.45665
  21.44209
  21.42705
  21.41189
  21.39911
  21.38843
  21.37607
  21.36107
  21.34599
  21.33149
  21.31604
  21.30045
  21.28773
  21.27711
  21.26447
  21.24931
  21.23424
  21.21969
  21.20448
  21.18964
  21.17758
  21.16686
  21.15374
  21.13849
  21.12367
  21.10908
  21.09324
  21.07808
  21.06667
  21.05646
  21.04287
  21.02685
  21.01153
  20.99714
  20.98276
  20.96786
  20.95239
  20.93817
  20.92685
  20.91579
  20.90187
  20.88652
  20.87189
  20.85709
  20.84121
  20.82670
  20.81551
  20.80435
  20.79017
  20.77478
  20.76011
  20.74533
  20.72997
  20.71630
  20.70540
  20.69385
  20.67935
  20.66407
  20.64955
  20.63447
  20.61861
  20.60488
  20.59409
  20.58233
  20.56762
  20.55232
  20.53776
  20.52277
  20.50756
  20.49462
  20.48394
  20.47171
  20.45677
  20.44168
  20.42720
  20.41173
  20.39602
  20.38347
  20.37344
  20.36113
  20.34550
  20.32926
  20.31451
  20.30249
  20.29175
  20.27883
  20.26367
  20.24866
  20.23410
  20.21887
  20.20410
  20.19207
  20.18132
  20.16846
  20.15313
  20.13681
  20.12188
  20.11059
  20.10032
  20.08682
  20.07075
  20.05479
  20.04072
  20.02941
  20.01836
  20.00457
  19.98923
  19.97446
  19.95979
  19.94444
  19.93029
  19.91900
  19.90793
  19.89421
  19.87843
  19.86228
  19.84822
  19.83753
  19.82691
  19.81306
  19.79572
  19.77639
  19.75991
  19.74875
  19.73777
  19.72330
  19.70788
  19.69338
  19.67827
  19.66232
  19.64885
  19.63867
  19.62720
  19.61208
  19.59576
  19.58057
  19.56787
  19.55711
  19.54504
  19.53031
  19.51449
  19.49942
  19.48691
  19.47622
  19.46372
  19.44870
  19.43366
  19.41915
  19.40368
  19.38813
  19.37543
  19.36480
  19.35228
  19.33716
  19.32132
  19.30664
  19.29466
  19.28389
  19.27101
  19.25577
  19.23997
  19.22547
  19.21378
  19.20294
  19.18954
  19.17425
  19.15948
  19.14483
  19.12906
  19.11406
  19.10233
  19.09152
  19.07810
  19.06257
  19.04688
  19.03286
  19.02158
  19.01050
  18.99676
  18.98118
  18.96558
  18.95179
  18.94066
  18.92943
  18.91547
  18.89980
  18.88426
  18.87074
  18.85985
  18.84828
  18.83356
  18.81738
  18.80190
  18.78873
  18.77792
  18.76615
  18.75156
  18.73627
  18.72168
  18.70676
  18.69151
  18.67832
  18.66754
  18.65569
  18.64105
  18.62521
  18.61006
  18.59743
  18.58675
  18.57432
  18.55893
  18.54276
  18.52779
  18.51548
  18.50478
  18.49216
  18.47710
  18.46202
  18.44747
  18.43228
  18.41735
  18.40514
  18.39445
  18.38150
  18.36630
  18.35140
  18.33683
  18.32117
  18.30588
  18.29379
  18.28310
  18.26986
  18.25454
  18.23964
  18.22504
  18.20971
  18.19522
  18.18368
  18.17277
  18.15909
  18.14375
  18.12906
  18.11433
  18.09850
  18.08375
  18.07240
  18.06231
  18.05000
  18.03200
