  15.79900
  15.78569
  15.76780
  15.74823
  15.72987
  15.71444
  15.70036
  15.68560
  15.66838
  15.64885
  15.63071
  15.61571
  15.60172
  15.58662
  15.56880
  15.54923
  15.53170
  15.51706
  15.50307
  15.48758
  15.46898
  15.44949
  15.43348
  15.41904
  15.40116
  15.38148
  15.36442
  15.34977
  15.33534
  15.31912
  15.30001
  15.28100
  15.26516
  15.25113
  15.23658
  15.21971
  15.20022
  15.18183
  15.16677
  15.15224
  15.13655
  15.12146
  15.10707
  15.09018
  15.07058
  15.05257
  15.03738
  15.02237
  15.00673
  14.99162
  14.97680
  14.96091
  14.94530
  14.93286
  14.92198
  14.90876
  14.89307
  14.87674
  14.86169
  14.84941
  14.83867
  14.82763
  14.81600
  14.80404
  14.79228
  14.78101
  14.76952
  14.75765
  14.74727
  14.73938
  14.73213
  14.72456
  14.71829
  14.71408
  14.71079
  14.70733
  14.70293
  14.69845
  14.69643
  14.69680
  14.69689
  14.69668
  14.69843
  14.70302
  14.71011
  14.71813
  14.72509
  14.73235
  14.74258
  14.75532
  14.76915
  14.78491
  14.80360
  14.82300
  14.84121
  14.86140
  14.88670
  14.91576
  14.94638
  14.97653
  15.00600
  15.03872
  15.07658
  15.11648
  15.15741
  15.20270
  15.25260
  15.30266
  15.35218
  15.40511
  15.46229
  15.52134
  15.58275
  15.64919
  15.71859
  15.78609
  15.85474
  15.93128
  16.01280
  16.09260
  16.17268
  16.25786
  16.34733
  16.43860
  16.53100
  16.62485
  16.72224
  16.82435
  16.92788
  17.03047
  17.13488
  17.24387
  17.35804
  17.47631
  17.59484
  17.71273
  17.83428
  17.96051
  18.08726
  18.21296
  18.33951
  18.46895
  18.60312
  18.74102
  18.87936
  19.01648
  19.15222
  19.28974
  19.43327
  19.57905
  19.72067
  19.86195
  20.00934
  20.15877
  20.30425
  20.44900
  20.59739
  20.74735
  20.89618
  21.04457
  21.19336
  21.34175
  21.48977
  21.63986
  21.79280
  21.94547
  22.09528
  22.24127
  22.38512
  22.53180
  22.68162
  22.82926
  22.97380
  23.11875
  23.26407
  23.40675
  23.54715
  23.68791
  23.82955
  23.97120
  24.11184
  24.25046
  24.38705
  24.52188
  24.65477
  24.78554
  24.91500
  25.04421
  25.17416
  25.30481
  25.43269
  25.55560
  25.67678
  25.79876
  25.92022
  26.03961
  26.15601
  26.26990
  26.38395
  26.49885
  26.61233
  26.72330
  26.83226
  26.93912
  27.04316
  27.14550
  27.24866
  27.35207
  27.45315
  27.55164
  27.64858
  27.74352
  27.83562
  27.92657
  28.01857
  28.11033
  28.19966
  28.28600
  28.36978
  28.45326
  28.53793
  28.62122
  28.70135
  28.78107
  28.86204
  28.94158
  29.01789
  29.09201
  29.16491
  29.23692
  29.30890
  29.38242
  29.45591
  29.52432
  29.58849
  29.65503
  29.72434
  29.79155
  29.85546
  29.91758
  29.97879
  30.03956
  30.10050
  30.16201
  30.22260
  30.28055
  30.33742
  30.39519
  30.45200
  30.50577
  30.55830
  30.61168
  30.66578
  30.71968
  30.77146
  30.82093
  30.87224
  30.92639
  30.97708
  31.02244
  31.06904
  31.11911
  31.16787
  31.21356
  31.25856
  31.30403
  31.34969
  31.39561
  31.44216
  31.48812
  31.53144
  31.57273
  31.61408
  31.65607
  31.69846
  31.74075
  31.78253
  31.82436
  31.86672
  31.90800
  31.94673
  31.98436
  32.02248
  32.06077
  32.09885
  32.13725
  32.17591
  32.21303
  32.24777
  32.28155
  32.31553
  32.34998
  32.38467
  32.41885
  32.45273
  32.48763
  32.52256
  32.55442
  32.58433
  32.61667
  32.65128
  32.68474
  32.71504
  32.74157
  32.76770
  32.79789
  32.82929
  32.85699
  32.88240
  32.90865
  32.93600
  32.96359
  32.98953
  33.01264
  33.03481
  33.05784
  33.08144
  33.10469
  33.12610
  33.14525
  33.16388
  33.18302
  33.20212
  33.22109
  33.24068
  33.26013
  33.27697
  33.29153
  33.30684
  33.32262
  33.33586
  33.34671
  33.35750
  33.36902
  33.38102
  33.39216
  33.40091
  33.40812
  33.41545
  33.42347
  33.43198
  33.43900
  33.44297
  33.44625
  33.45081
  33.45426
  33.45467
  33.45387
  33.45364
  33.45422
  33.45481
  33.45307
  33.44867
  33.44481
  33.44181
  33.43576
  33.42724
  33.42222
  33.41958
  33.41127
  33.39827
  33.38885
  33.38247
  33.37275
  33.36009
  33.34854
  33.33733
  33.32361
  33.30798
  33.29230
  33.27695
  33.26185
  33.24700
  33.23216
  33.21591
  33.19725
  33.17754
  33.15823
  33.13955
  33.12098
  33.10065
  33.07792
  33.05491
  33.03216
  33.00727
  32.98041
  32.95565
  32.93304
  32.90783
  32.88032
  32.85583
  32.83379
  32.80890
  32.78142
  32.75530
  32.72911
  32.69890
  32.66751
  32.64016
  32.61440
  32.58536
  32.55397
  32.52276
  32.49200
  32.46138
  32.43113
  32.40115
  32.36998
  32.33648
  32.30133
  32.26599
  32.23317
  32.20323
  32.17170
  32.13687
  32.10229
  32.06876
  32.03271
  31.99401
  31.95684
  31.92254
  31.88936
  31.85536
  31.81877
  31.78014
  31.74156
  31.70350
  31.66545
  31.62720
  31.58878
  31.55070
  31.51328
  31.47453
  31.43269
  31.39100
  31.35265
  31.31454
  31.27338
  31.23066
  31.18820
  31.14614
  31.10432
  31.06255
  31.02073
  30.97896
  30.93690
  30.89350
  30.84820
  30.80137
  30.75492
  30.71232
  30.67139
  30.62473
  30.57357
  30.52602
  30.48144
  30.43344
  30.38321
  30.33596
  30.29063
  30.24331
  30.19259
  30.13874
  30.08523
  30.03536
  29.98600
  29.93345
  29.87966
  29.82664
  29.77196
  29.71427
  29.65771
  29.60468
  29.55141
  29.49484
  29.43497
  29.37351
  29.31426
  29.25754
  29.19875
  29.13690
  29.07563
  29.01512
  28.95208
  28.88658
  28.82147
  28.75716
  28.69234
  28.62720
  28.56263
  28.49746
  28.42988
  28.36067
  28.29159
  28.22324
  28.15543
  28.08600
  28.01352
  27.94162
  27.87315
  27.80417
  27.73155
  27.65844
  27.58676
  27.51324
  27.43656
  27.36059
  27.28764
  27.21635
  27.14460
  27.06973
  26.99270
  26.91851
  26.84694
  26.77260
  26.69558
  26.62050
  26.54828
  26.47701
  26.40456
  26.32907
  26.25226
  26.17740
  26.10572
  26.03708
  25.96839
  25.89659
  25.82400
  25.75389
  25.68690
  25.62226
  25.55661
  25.48794
  25.41932
  25.35350
  25.29049
  25.22951
  25.16909
  25.10826
  25.04697
  24.98583
  24.92616
  24.86878
  24.81381
  24.76037
  24.70673
  24.65341
  24.60264
  24.55352
  24.50323
  24.45307
  24.40634
  24.36152
  24.31531
  24.26950
  24.22712
  24.18566
  24.14216
  24.10100
  24.06635
  24.03279
  23.99501
  23.95627
  23.92044
  23.88825
  23.85848
  23.82657
  23.79149
  23.75993
  23.73381
  23.70585
  23.67444
  23.64679
  23.62426
  23.60081
  23.57416
  23.54631
  23.51941
  23.49538
  23.47311
  23.44971
  23.42638
  23.40633
  23.38770
  23.36657
  23.34302
  23.31892
  23.29631
  23.27676
  23.25900
  23.24096
  23.22062
  23.19724
  23.17430
  23.15461
  23.13667
  23.11831
  23.09745
  23.07418
  23.05276
  23.03425
  23.01381
  22.99049
  22.96926
  22.95077
  22.93017
  22.90649
  22.88290
  22.86037
  22.83797
  22.81520
  22.79201
  22.76875
  22.74595
  22.72329
  22.70016
  22.67688
  22.65404
  22.63142
  22.60865
  22.58600
  22.56351
  22.53941
  22.51278
  22.48696
  22.46404
  22.44026
  22.41353
  22.38798
  22.36532
  22.34088
  22.31337
  22.28812
  22.26612
  22.24167
  22.21412
  22.18911
  22.16705
  22.14293
  22.11561
  22.08738
  22.06066
  22.03743
  22.01508
  21.98901
  21.96174
  21.93836
  21.91603
  21.88983
  21.86261
  21.83880
  21.81700
  21.79463
  21.77155
  21.74823
  21.72514
  21.70248
  21.67968
  21.65643
  21.63325
  21.61050
  21.58796
  21.56534
  21.54230
  21.51897
  21.49607
  21.47351
  21.45024
  21.42723
  21.40722
  21.38866
  21.36673
  21.34289
  21.32254
  21.30404
  21.28220
  21.25903
  21.23928
  21.22054
  21.19846
  21.17537
  21.15511
  21.13700
  21.11892
  21.09862
  21.07519
  21.05233
  21.03285
  21.01451
  20.99539
  20.97629
  20.95776
  20.93912
  20.92002
  20.90081
  20.88172
  20.86265
  20.84355
  20.82446
  20.80537
  20.78623
  20.76712
  20.74820
  20.72911
  20.70933
  20.69032
  20.67426
  20.65909
  20.64118
  20.62145
  20.60231
  20.58323
  20.56331
  20.54500
  20.53025
  20.51492
  20.49566
  20.47688
  20.46174
  20.44565
  20.42603
  20.40794
  20.39355
  20.37743
  20.35773
  20.33984
  20.32502
  20.30795
  20.28815
  20.27112
  20.25685
  20.23982
  20.22008
  20.20236
  20.18743
  20.17314
  20.15740
  20.13865
  20.11933
  20.10316
  20.08884
  20.07348
  20.05793
  20.04357
  20.02800
  20.00903
  19.98988
  19.97375
  19.95918
  19.94438
  19.92910
  19.91355
  19.89822
  19.88330
  19.86825
  19.85278
  19.83713
  19.82158
  19.80644
  19.79155
  19.77630
  19.76072
  19.74554
  19.73066
  19.71537
  19.69980
  19.68465
  19.66976
  19.65453
  19.63894
  19.62329
  19.60789
  19.59294
  19.57795
  19.56243
  19.54700
  19.53223
  19.51701
  19.50080
  19.48642
  19.47534
  19.46349
  19.44818
  19.43208
  19.41713
  19.40231
  19.38687
  19.37104
  19.35573
  19.34262
  19.33114
  19.31813
  19.30288
  19.28728
  19.27187
  19.25609
  19.24112
  19.22906
  19.21807
  19.20439
  19.18815
  19.17152
  19.15663
  19.14491
  19.13377
  19.11998
  19.10400
  19.08760
  19.07321
  19.06200
  19.05037
  19.03540
  19.01891
  19.00322
  18.99000
  18.97906
  18.96680
  18.95142
  18.93471
  18.91880
  18.90573
  18.89482
  18.88238
  18.86716
  18.85067
  18.83507
  18.82274
  18.81186
  18.79808
  18.78197
  18.76671
  18.75190
  18.73587
  18.72066
  18.70899
  18.69780
  18.68316
  18.66700
  18.65203
  18.63702
  18.62088
  18.60640
  18.59520
  18.58358
  18.56891
  18.55306
  18.53760
  18.52213
  18.50653
  18.49143
  18.47666
  18.46095
  18.44504
  18.43197
  18.42114
  18.40837
  18.39297
  18.37722
  18.36182
  18.34631
  18.33081
  18.31577
  18.30085
  18.28543
  18.26991
  18.25489
  18.23995
  18.22451
  18.20900
  18.19395
  18.17907
  18.16387
  18.14796
  18.13173
  18.11765
  18.10657
  18.09474
  18.07992
  18.06408
  18.04863
  18.03318
  18.01762
  18.00242
  17.98754
  17.97230
  17.95672
  17.94154
  17.92666
  17.91136
  17.89579
  17.88069
  17.86580
  17.85034
  17.83482
  17.82004
  17.80420
  17.78526
  17.76610
  17.75027
  17.73600
  17.72070
  17.70504
  17.69001
  17.67512
  17.65977
  17.64403
  17.62850
  17.61486
  17.60330
  17.59081
  17.57588
  17.56008
  17.54455
  17.52945
  17.51456
  17.49930
  17.48373
  17.46852
  17.45363
  17.43846
  17.42290
  17.40724
  17.39179
  17.37679
  17.36185
  17.34643
  17.33091
  17.31589
  17.30095
  17.28550
  17.27000
  17.25500
  17.24005
  17.22468
  17.20904
  17.19344
  17.17818
  17.16328
  17.14816
  17.13261
  17.11728
  17.10239
  17.08725
  17.07168
  17.05638
  17.04148
  17.02641
  17.01090
  16.99508
  16.97955
  16.96511
  16.95024
  16.93217
  16.91260
  16.89552
  16.88071
  16.86605
  16.85092
  16.83541
  16.81995
  16.80493
  16.79000
  16.77470
  16.75901
  16.74322
  16.72820
  16.71392
  16.69766
  16.67830
  16.65963
  16.64397
  16.62945
  16.61455
  16.59919
  16.58362
  16.56844
  16.55359
  16.53820
  16.52256
  16.50796
  16.49323
  16.47537
  16.45576
  16.43860
  16.42370
  16.40850
  16.39288
  16.37784
  16.36291
  16.34730
  16.33192
  16.31762
  16.30200
  16.28302
  16.26389
  16.24776
  16.23318
  16.21833
  16.20314
  16.18773
  16.17205
  16.15633
  16.14152
  16.12712
  16.11018
  16.09062
  16.07250
  16.05722
  16.04272
  16.02775
  16.01216
  15.99658
  15.98209
  15.96724
  15.94914
  15.92958
  15.91264
  15.89779
  15.88248
  15.86690
  15.85207
  15.83699
  15.81989
  15.79900
