  15.82500
  15.80615
  15.78671
  15.76760
  15.74974
  15.73372
  15.71922
  15.70499
  15.68812
  15.66835
  15.65072
  15.63641
  15.61978
  15.59991
  15.58266
  15.56840
  15.55131
  15.53148
  15.51437
  15.49948
  15.48193
  15.46282
  15.44653
  15.43142
  15.41332
  15.39442
  15.37868
  15.36327
  15.34425
  15.32513
  15.30992
  15.29504
  15.27664
  15.25649
  15.23713
  15.21994
  15.20477
  15.18854
  15.16954
  15.14957
  15.13054
  15.11383
  15.09874
  15.08195
  15.06257
  15.04269
  15.02403
  15.00772
  14.99254
  14.97563
  14.95656
  14.93661
  14.91769
  14.90158
  14.88638
  14.86903
  14.84963
  14.82963
  14.81125
  14.79585
  14.78012
  14.76135
  14.74303
  14.72773
  14.71183
  14.69303
  14.67469
  14.65901
  14.64437
  14.62944
  14.61410
  14.59853
  14.58316
  14.56817
  14.55346
  14.53853
  14.52266
  14.50699
  14.49396
  14.48308
  14.47205
  14.46053
  14.44922
  14.43782
  14.42589
  14.41486
  14.40639
  14.39917
  14.39156
  14.38475
  14.38005
  14.37665
  14.37335
  14.36916
  14.36454
  14.36319
  14.36666
  14.37132
  14.37488
  14.37839
  14.38251
  14.38706
  14.39372
  14.40622
  14.42264
  14.43589
  14.44648
  14.46101
  14.48064
  14.50277
  14.52639
  14.55151
  14.57842
  14.60753
  14.63887
  14.67223
  14.70694
  14.74279
  14.78253
  14.82797
  14.87465
  14.91932
  14.96631
  15.01885
  15.07395
  15.12991
  15.18945
  15.25379
  15.32067
  15.38874
  15.45837
  15.53048
  15.60649
  15.68641
  15.76879
  15.85274
  15.93796
  16.02565
  16.11784
  16.21395
  16.31198
  16.41106
  16.51123
  16.61489
  16.72432
  16.83582
  16.94530
  17.05622
  17.17255
  17.29239
  17.41337
  17.53580
  17.66029
  17.78691
  17.91567
  18.04658
  18.17964
  18.31476
  18.45136
  18.58811
  18.72494
  18.86326
  19.00396
  19.14714
  19.29170
  19.43569
  19.57985
  19.72663
  19.87559
  20.02466
  20.17281
  20.31990
  20.46824
  20.62011
  20.77218
  20.92072
  21.06912
  21.22101
  21.37311
  21.52210
  21.66959
  21.81740
  21.96548
  22.11374
  22.26256
  22.41144
  22.55826
  22.70246
  22.84603
  22.99025
  23.13527
  23.28026
  23.42346
  23.56390
  23.70143
  23.83759
  23.97484
  24.11196
  24.24597
  24.37835
  24.51208
  24.64454
  24.77183
  24.89639
  25.02183
  25.14663
  25.26886
  25.39074
  25.51364
  25.63292
  25.74631
  25.86070
  25.97951
  26.09547
  26.20529
  26.31526
  26.42701
  26.53381
  26.63524
  26.73942
  26.84691
  26.95000
  27.04788
  27.14596
  27.24504
  27.34243
  27.43699
  27.52877
  27.61944
  27.71106
  27.80255
  27.89170
  27.97788
  28.06141
  28.14447
  28.22877
  28.31185
  28.39172
  28.47105
  28.55170
  28.63088
  28.70695
  28.78256
  28.85897
  28.93389
  29.00598
  29.07600
  29.14476
  29.21293
  29.28112
  29.34984
  29.41825
  29.48446
  29.54872
  29.61286
  29.67763
  29.74291
  29.80736
  29.86934
  29.92987
  29.99072
  30.05097
  30.10911
  30.16589
  30.22257
  30.27969
  30.33714
  30.39315
  30.44668
  30.49940
  30.55266
  30.60597
  30.65910
  30.71274
  30.76647
  30.81792
  30.86681
  30.91571
  30.96549
  31.01504
  31.06407
  31.11323
  31.16293
  31.21325
  31.26284
  31.30969
  31.35466
  31.39991
  31.44555
  31.49092
  31.53652
  31.58278
  31.62759
  31.66933
  31.71149
  31.75700
  31.80241
  31.84469
  31.88581
  31.92764
  31.96972
  32.01162
  32.05345
  32.09533
  32.13724
  32.17913
  32.22099
  32.26286
  32.30481
  32.34627
  32.38608
  32.42409
  32.46101
  32.49881
  32.53984
  32.58214
  32.62188
  32.65944
  32.69690
  32.73483
  32.77312
  32.81135
  32.84915
  32.88686
  32.92492
  32.96347
  33.00202
  33.03831
  33.07190
  33.10714
  33.14583
  33.18334
  33.21741
  33.25079
  33.28498
  33.31923
  33.35329
  33.38769
  33.42241
  33.45688
  33.49094
  33.52486
  33.55901
  33.59371
  33.62772
  33.65927
  33.68929
  33.71965
  33.75024
  33.78035
  33.81026
  33.84051
  33.87129
  33.90236
  33.93208
  33.95936
  33.98556
  34.01192
  34.03833
  34.06466
  34.09114
  34.11797
  34.14516
  34.17191
  34.19631
  34.21870
  34.24204
  34.26574
  34.28596
  34.30394
  34.32487
  34.34825
  34.36984
  34.38819
  34.40385
  34.41925
  34.43719
  34.45619
  34.47341
  34.48760
  34.49881
  34.51045
  34.52528
  34.54041
  34.55277
  34.56246
  34.57036
  34.57774
  34.58544
  34.59338
  34.60095
  34.60692
  34.61104
  34.61447
  34.61805
  34.62203
  34.62580
  34.62791
  34.62768
  34.62516
  34.62124
  34.61732
  34.61380
  34.61038
  34.60597
  34.59941
  34.59179
  34.58459
  34.57638
  34.56547
  34.55370
  34.54284
  34.53075
  34.51562
  34.49948
  34.48426
  34.46978
  34.45521
  34.43904
  34.42031
  34.39921
  34.37642
  34.35318
  34.33037
  34.30827
  34.28577
  34.26053
  34.23320
  34.20681
  34.18065
  34.15163
  34.12057
  34.09028
  34.05974
  34.02653
  33.99189
  33.95804
  33.92368
  33.88676
  33.84723
  33.80575
  33.76339
  33.72120
  33.67981
  33.63901
  33.59648
  33.55088
  33.50345
  33.45481
  33.40384
  33.35051
  33.29666
  33.24339
  33.19059
  33.13748
  33.08266
  33.02557
  32.96642
  32.90510
  32.84139
  32.77642
  32.71192
  32.64726
  32.58075
  32.51157
  32.43966
  32.36696
  32.29535
  32.22317
  32.14831
  32.07093
  31.99157
  31.91017
  31.82701
  31.74354
  31.66027
  31.57523
  31.48775
  31.40017
  31.31314
  31.22442
  31.13294
  31.03944
  30.94472
  30.84949
  30.75432
  30.65954
  30.56444
  30.46752
  30.36827
  30.26684
  30.16407
  30.06105
  29.95820
  29.85564
  29.75337
  29.65114
  29.54760
  29.44168
  29.33450
  29.22772
  29.12290
  29.02031
  28.91682
  28.81051
  28.70325
  28.59688
  28.49220
  28.38924
  28.28710
  28.18484
  28.08171
  27.97850
  27.87764
  27.77923
  27.68120
  27.58235
  27.48239
  27.38373
  27.28994
  27.19934
  27.10807
  27.01716
  26.92917
  26.84214
  26.75367
  26.66732
  26.58667
  26.50805
  26.42772
  26.34788
  26.27098
  26.19671
  26.12440
  26.05369
  25.98450
  25.91725
  25.85228
  25.78965
  25.72910
  25.67000
  25.61246
  25.55746
  25.50495
  25.45399
  25.40449
  25.35704
  25.31199
  25.26936
  25.22779
  25.18553
  25.14380
  25.10473
  25.06781
  25.03199
  24.99836
  24.96791
  24.93835
  24.90765
  24.87745
  24.84964
  24.82450
  24.80156
  24.77935
  24.75673
  24.73353
  24.71040
  24.68911
  24.67005
  24.65170
  24.63310
  24.61412
  24.59493
  24.57596
  24.55687
  24.53694
  24.51782
  24.50226
  24.48762
  24.46915
  24.44964
  24.43415
  24.41943
  24.40060
  24.38133
  24.36608
  24.35122
  24.33276
  24.31276
  24.29359
  24.27454
  24.25512
  24.23660
  24.21875
  24.19801
  24.17406
  24.15244
  24.13442
  24.11472
  24.09164
  24.06810
  24.04543
  24.02316
  23.99992
  23.97399
  23.94729
  23.92365
  23.90134
  23.87601
  23.84839
  23.82132
  23.79536
  23.76988
  23.74276
  23.71243
  23.68183
  23.65404
  23.62833
  23.60285
  23.57489
  23.54383
  23.51443
  23.48862
  23.46110
  23.43001
  23.40066
  23.37438
  23.34611
  23.31503
  23.28579
  23.25977
  23.23475
  23.20840
  23.17872
  23.14777
  23.11985
  23.09345
  23.06432
  23.03389
  23.00579
  22.97960
  22.95347
  22.92691
  22.89997
  22.87315
  22.84680
  22.82038
  22.79347
  22.76662
  22.74025
  22.71389
  22.68713
  22.65985
  22.63290
  22.60864
  22.58653
  22.56178
  22.53420
  22.50929
  22.48721
  22.46268
  22.43572
  22.41076
  22.38856
  22.36705
  22.34401
  22.31766
  22.29047
  22.26637
  22.24437
  22.22192
  22.19895
  22.17613
  22.15344
  22.13073
  22.10793
  22.08509
  22.06248
  22.04002
  22.01666
  21.99266
  21.97128
  21.95313
  21.93361
  21.91074
  21.88712
  21.86397
  21.84044
  21.81740
  21.79739
  21.77928
  21.75896
  21.73566
  21.71117
  21.68813
  21.66896
  21.65067
  21.62857
  21.60546
  21.58598
  21.56702
  21.54438
  21.52164
  21.50259
  21.48324
  21.46025
  21.43793
  21.41916
  21.39937
  21.37616
  21.35428
  21.33565
  21.31552
  21.29233
  21.27027
  21.25123
  21.23359
  21.21523
  21.19387
  21.17063
  21.14940
  21.13076
  21.11274
  21.09338
  21.07118
  21.04814
  21.02758
  21.00920
  20.99110
  20.97122
  20.94841
  20.92580
  20.90653
  20.88862
  20.86974
  20.85023
  20.83089
  20.81218
  20.79365
  20.77299
  20.74985
  20.72789
  20.70879
  20.69057
  20.67196
  20.65300
  20.63384
  20.61469
  20.59558
  20.57636
  20.55722
  20.53848
  20.51992
  20.50100
  20.48178
  20.46262
  20.44350
  20.42428
  20.40521
  20.38658
  20.36796
  20.34892
  20.32969
  20.31057
  20.29142
  20.27220
  20.25324
  20.23468
  20.21597
  20.19683
  20.17763
  20.15853
  20.13931
  20.12008
  20.10142
  20.08297
  20.06346
  20.04404
  20.02778
  20.01331
  19.99616
  19.97639
  19.95684
  19.93788
  19.91871
  19.89959
  19.88110
  19.86239
  19.84268
  19.82410
  19.80848
  19.79299
  19.77487
  19.75557
  19.73659
  19.71717
  19.69735
  19.67985
  19.66526
  19.64948
  19.63041
  19.60999
  19.59045
  19.57388
  19.55939
  19.54290
  19.52341
  19.50293
  19.48381
  19.46817
  19.45359
  19.43539
  19.41577
  19.39981
  19.38532
  19.36760
  19.34759
  19.32800
  19.30924
  19.29089
  19.27197
  19.25217
  19.23403
  19.21883
  19.20275
  19.18372
  19.16589
  19.15093
  19.13419
  19.11440
  19.09686
  19.08254
  19.06591
  19.04616
  19.02828
  19.01367
  19.00004
  18.98503
  18.96669
  18.94713
  18.93062
  18.91558
  18.89784
  18.87878
  18.86190
  18.84722
  18.83318
  18.81737
  18.79825
  18.77920
  18.76349
  18.74943
  18.73463
  18.71782
  18.69899
  18.68077
  18.66493
  18.65069
  18.63631
  18.61898
  18.59919
  18.58200
  18.56768
  18.55084
  18.53110
  18.51309
  18.49803
  18.48410
  18.46901
  18.45064
  18.43112
  18.41447
  18.40024
  18.38588
  18.36968
  18.35093
  18.33248
  18.31701
  18.30135
  18.28257
  18.26427
  18.24912
  18.23295
  18.21331
  18.19514
  18.18067
  18.16465
  18.14504
  18.12671
  18.11184
  18.09785
  18.08255
  18.06470
  18.04565
  18.02902
  18.01401
  17.99639
  17.97729
  17.96107
  17.94596
  17.92741
  17.90794
  17.89241
  17.87771
  17.85896
  17.83963
  17.82425
  17.80951
  17.79136
  17.77101
  17.75090
  17.73344
  17.71901
  17.70289
  17.68318
  17.66523
  17.65089
  17.63447
  17.61463
  17.59719
  17.58293
  17.56601
  17.54617
  17.52892
  17.51404
  17.49662
  17.47747
  17.46107
  17.44600
  17.42802
  17.40906
  17.39321
  17.37788
  17.35898
  17.33975
  17.32439
  17.30963
  17.29150
  17.27117
  17.25104
  17.23356
  17.21912
  17.20303
  17.18333
  17.16535
  17.15100
  17.13461
  17.11476
  17.09732
  17.08307
  17.06608
  17.04620
  17.02935
  17.01508
  16.99758
  16.97778
  16.96104
  16.94609
  16.92823
  16.90921
  16.89322
  16.87797
  16.85960
  16.84087
  16.82540
  16.80973
  16.79040
  16.77164
  16.75691
  16.74142
  16.72194
  16.70343
  16.68873
  16.67332
  16.65439
  16.63387
  16.61420
  16.59770
  16.58336
  16.56615
  16.54630
  16.52950
  16.51523
  16.49764
  16.47783
  16.46153
  16.44715
  16.42922
  16.40951
  16.39283
  16.37872
  16.36448
  16.34807
  16.32861
  16.30987
  16.29503
  16.27972
  16.26032
  16.24167
  16.22708
  16.21136
  16.19172
  16.17354
  16.15909
  16.14304
  16.12348
  16.10489
  16.08944
  16.07551
  16.06083
  16.04283
  16.02311
  16.00666
  15.99231
  15.97464
  15.95488
  15.93800
  15.92377
  15.90935
  15.89329
  15.87510
  15.85622
  15.83880
  15.82500
